0
5
6
10
56
61
253
2012
33123
111111
120401
199185
200214
200564
200644
200734
200744
200754
201144
201154
201224
201501
201502
201503
201594
201624
202001
202002
202003
202006
202007
202008
202009
202010
202011
202012
202013
202014
202015
202016
202017
202019
202020
202021
202022
202023
202025
202026
202027
202029
202030
202031
202032
202033
202034
202035
202036
202037
202038
202039
202040
202041
202042
202052
202053
202056
202057
202058
202061
202062
202063
202064
202065
202066
202067
202068
202070
202071
202072
202073
202076
202077
202078
202079
202080
202083
202084
202085
202086
202087
202088
202089
202090
202091
202092
202093
202094
202095
202096
202097
202098
202099
202100
202101
202106
202107
202108
202110
202111
202113
202114
202115
202116
202117
202120
202127
202128
202129
202130
202131
202132
202133
202134
202135
202136
202137
202139
202142
202146
202147
202148
202150
202153
202155
202158
202159
202160
202161
202162
202163
202164
202165
202166
202167
202168
202169
202172
202173
202174
202175
202176
202177
202178
202179
202180
202182
202183
202184
202185
202186
202187
202189
202190
202191
202192
202193
202194
202195
202196
202198
202199
202201
202202
202203
202204
202205
202206
202207
202208
202209
202211
202212
202213
202215
202216
202217
202222
202223
202224
202225
202226
202227
202228
202229
202230
202231
202232
202233
202234
202235
202236
202237
202238
202239
202240
202242
202243
202244
202245
202246
202247
202248
202249
202250
202251
202252
202253
202254
202255
202256
202257
202258
202259
202260
202261
202262
202275
202276
202277
202278
202279
202280
202281
202282
202283
202285
202286
202287
202288
202290
202291
202292
202293
202294
202295
202296
202297
202298
202299
202300
202301
202302
202303
202304
202308
202309
202310
202311
202312
202313
202314
202315
202316
202317
202318
202319
202320
202321
202323
202325
202326
202327
202329
202330
202331
202332
202333
202334
202335
202336
202337
202338
202339
202340
202342
202343
202344
202345
202346
202347
202348
202350
202351
202352
202353
202354
202355
202357
202358
202359
202360
202362
202363
202364
202365
202366
202367
202368
202371
202374
202381
202382
202384
202386
202387
202388
202389
202390
202392
202393
202394
202395
202396
202397
202398
202399
202400
202401
202402
202403
202404
202406
202407
202409
202410
202411
202412
202414
202415
202417
202418
202420
202423
202424
202425
202427
202428
202429
202430
202431
202432
202433
202434
202435
202436
202437
202438
202439
202440
202441
202442
202443
202444
202445
202446
202447
202448
202449
202450
203154
203324
203354
203604
204003
204006
204011
204051
204060
204140
205135
205136
206151
206152
206157
206169
206177
207002
207003
207004
207182
207183
207186
207189
207195
207200
207202
207208
207209
208002
208003
208004
208213
208229
208236
209100
209101
209102
209244
209247
209248
209253
209258
209264
209266
210001
210100
210101
210102
210103
210104
210266
210267
210268
210269
210271
210273
210274
210275
210276
210277
210278
210282
210283
210285
210289
210294
210295
210297
210299
210300
210301
210306
211315
211316
211317
211318
211320
211351
211371
211401
211421
211431
211461
211462
211463
211481
212274
212491
212501
212512
212522
212542
212552
212562
212572
212582
212622
212632
212642
212652
212662
212672
212682
212692
212702
212712
212722
212742
212752
212762
212773
212783
212793
212803
212813
212823
212833
212843
212853
212863
212873
212883
212893
212903
212914
212924
212934
212944
212954
212964
212974
212984
212994
213004
213014
213024
213034
213044
213054
213064
213074
213084
213094
213104
213114
213124
213134
213144
213154
213164
213174
213184
213194
213204
213214
213235
213245
213255
213275
213285
213295
213305
213315
213325
213335
213365
213366
213407
213417
213486
213487
213496
213506
213516
213526
213536
213556
213596
213636
213646
213656
213666
213676
213686
213696
213706
213716
213726
213736
213747
213817
213827
213857
213867
213877
213887
213897
213907
213917
213927
213937
214717
214727
214737
214747
214757
214767
214777
214787
214797
214807
214817
214827
214837
214847
214857
214887
214888
214898
214908
214918
214928
214938
214958
214968
214978
214988
214998
215018
215028
215038
215058
215068
215078
215079
215089
215099
215109
215119
215129
215139
215149
215159
215169
215179
215189
215199
215200
215201
215202
215203
215204
215205
215206
215207
215208
215209
215210
215211
215212
215213
215214
215215
220007
220017
220027
220037
220047
220057
220064
220087
220097
220107
220117
220127
220137
220147
220157
220187
220197
220207
220217
220227
220237
220247
220257
220267
220277
220287
220307
220317
220327
220337
220347
220357
220367
220377
220387
220397
220407
220507
220517
220527
220537
220547
220557
220567
220577
220597
220607
220617
220627
220637
220657
220667
220677
220717
220727
220737
220747
220757
220767
220777
220787
220797
220807
220817
220827
220837
220847
220857
220877
220887
220897
220907
220917
220937
220947
220957
220967
220977
221007
221027
221037
221047
221057
221067
221077
221087
221117
221137
221147
221167
221177
221187
221197
221207
221217
221227
221237
221247
221257
221267
221277
221297
221307
221317
221337
221347
221367
221377
221397
221407
221417
221447
221457
221467
221477
221487
221497
221507
221517
221527
221537
221547
221557
221567
221577
221607
221617
221627
221637
221647
221657
221677
221687
221697
221717
221737
221757
221767
221777
221787
221797
221807
221827
221837
221847
221857
221867
221877
221887
221897
221907
221917
221927
221937
221947
221957
221967
221977
221997
222005
222037
222047
222057
222077
222087
222107
222117
222127
222147
222157
222167
222177
222187
222197
222207
222217
222227
222247
222257
222267
222277
222287
222297
222307
222317
222327
222337
222427
223008
223028
223038
223048
223058
223068
223078
223508
223518
223528
223538
223548
223558
223588
223598
223608
223618
223628
223638
223668
223678
223688
223698
223708
223718
223728
223738
223748
223758
223768
223778
223788
223798
223808
223818
223828
223838
223848
223858
223868
223878
223918
223938
223958
223988
226134
230024
230568
231355
231476
231546
233888
233898
233908
233928
233968
233978
233998
234008
234018
234028
234038
234048
234058
234068
234078
234088
234118
234128
234138
234148
234158
234168
234178
234198
234208
234218
234238
234248
234258
234268
234278
234288
234298
234308
234318
234328
234338
234348
234368
234378
234388
234398
234408
234438
234444
234446
234458
234478
234488
234508
234518
234528
234538
234548
234558
234568
234578
234588
234598
234618
234638
234648
234658
234668
234678
234688
234698
234708
234718
234728
234738
234748
234758
234768
234788
234798
234808
234818
234828
234838
234848
234858
234868
234878
234898
234908
234918
234928
234929
234938
234968
234978
235008
235018
235028
235038
235058
235068
235088
235108
235128
235138
235148
235158
235168
235178
235188
235218
235228
235229
235238
235248
235258
235268
235278
235298
235308
235318
235328
235338
235348
235358
235368
235378
235379
235388
235398
235408
235428
235438
235448
235458
235468
235478
235498
235508
235518
235538
235548
235558
235568
235578
235588
235608
235638
235658
235659
235668
235678
235681
235708
235718
235728
235738
235748
235758
235768
235778
235788
235798
235808
235818
235828
235838
235858
235868
235878
235888
235898
235908
235918
235938
235948
235958
235968
236109
236119
236129
236139
236159
236169
236179
236189
236219
236229
236239
236249
236259
236309
236319
236329
236349
236359
236369
236379
236399
236409
236419
236429
236439
236449
236459
236469
236489
236509
236519
236529
236534
236539
236549
236550
236569
236579
236589
236609
236619
236629
236649
236659
236669
236679
236729
236749
236759
236769
236779
236789
236799
236809
236819
236829
236849
236859
236879
236889
236899
236909
236919
236929
236939
236949
236958
236959
236969
236989
236999
237019
237029
237039
237049
237059
237079
237089
237099
237109
237119
237129
237139
237149
237159
237169
237199
237209
237219
237229
237249
237259
237269
237279
237289
237309
237319
237339
237349
237369
237379
237389
237399
237409
237429
237439
237449
237459
237469
237479
237489
237499
237509
237519
237529
237539
237549
237559
237569
237579
237589
237629
237639
237659
237669
237709
237729
237739
237759
237769
237779
237789
237809
237829
237839
237849
237859
237868
237869
237878
237879
237889
237899
237909
237919
237929
237939
237949
237959
237969
237979
237999
238009
238019
238029
238039
238049
238059
238069
238079
238119
238139
238149
238159
238169
238199
240234
240444
240544
240596
240784
240824
240894
240924
240934
241125
241225
242136
250415
250455
250505
250686
250727
250767
250797
250837
250847
250878
250888
250898
250908
250918
250928
250938
250948
250958
250968
250978
250999
251009
251019
251049
251059
251069
251089
251099
251119
251129
251139
251149
251159
260014
260024
260294
260354
260504
260600
260610
260630
260640
260650
260660
260666
260681
260682
260691
260692
260701
270464
271086
271166
271176
271197
271207
271257
271277
271297
271318
271328
271338
271348
271368
271378
271388
271398
271408
271418
271449
271450
290064
300114
300434
300484
310084
310164
310210
310904
311554
311614
311624
311984
312264
312435
312485
312695
313155
313205
313267
313317
313357
313505
313625
313655
313715
313815
314175
314285
314505
314635
314895
315025
315065
315075
315095
315296
315326
315506
315536
315576
315656
315666
315706
315716
315746
315756
315986
316086
316426
316526
316556
316656
316696
316746
316756
316776
316786
316796
316816
316856
316926
316956
317156
317186
317206
317396
317716
317736
317766
317836
317876
317957
317967
318027
318047
318057
318187
318247
318437
318457
318477
318657
318697
318797
318827
318867
318877
318887
318927
319087
319157
319187
319217
319237
319267
319277
319327
319337
319377
319407
319417
319437
319477
319487
319527
319557
319617
319697
319717
319737
319747
319767
319818
319888
319918
319958
319978
319988
319998
320008
320028
320038
320058
320078
320088
321068
321118
321128
321138
321148
321188
321238
321258
321268
321278
321288
321298
321308
321318
321328
321338
321358
321378
321408
321428
321438
321448
321458
321468
321508
321518
321528
321608
321618
321628
321638
321658
321668
321678
321698
321718
321728
321738
321758
321768
321778
321788
321818
321828
321838
321848
321878
321888
321898
321918
321928
321938
321948
321998
322018
322028
322038
322042
322068
322098
322108
322118
322158
322168
322178
322188
322198
322208
322218
322222
322238
322248
322268
322278
322288
322308
322338
322342
322348
322358
322368
322378
322408
322458
322468
322478
322549
322559
322569
322579
322599
322609
322619
322629
322639
322649
322659
322679
322719
322769
322789
322799
322809
322819
322829
322839
322849
322859
322869
322879
322899
322909
322919
322929
322939
322949
322959
322969
322989
322999
323019
323029
323039
323059
323069
323079
323089
323099
323109
323119
323129
323159
323169
323179
323189
323209
323219
323229
323239
323249
323259
323269
323279
323289
323299
323309
323319
323339
323359
323369
323379
323389
323399
323409
323429
323439
323449
323469
323479
323499
323509
323519
323539
323559
323599
323629
323639
323659
323699
323709
323719
323749
323779
323799
323809
323829
323839
323909
323919
323949
323979
323989
324009
324019
324029
324039
324049
324059
324069
324079
324089
324109
324119
324139
324149
324169
324189
324199
324209
324219
324229
324239
324249
324259
324269
324279
324299
324309
324319
324339
324349
324359
324369
324399
324409
324419
324429
324439
324449
324459
324469
324479
324489
324499
324509
324519
324529
324549
324559
324566
324569
324579
324589
324599
324609
324619
324629
324639
324649
324659
324669
324679
324689
324699
324709
324719
324729
324739
324749
324759
324769
324779
324789
324799
324819
324820
324830
324850
324860
324870
324880
324890
324900
324910
324920
324930
324940
324950
324960
324980
324990
325000
325010
325020
325030
325040
325050
325060
325070
325080
325090
325100
325110
325120
325130
325140
325150
325160
325170
325180
325190
325200
325210
325220
325230
325240
325250
325260
325270
325280
325290
325300
325310
325320
325330
325340
325350
325370
325380
325390
325400
325420
325430
325440
325450
325480
325490
325500
325510
325520
325530
325540
325550
325560
325570
325580
325590
325630
325640
325650
325660
325690
325710
325720
325730
325740
325750
325760
325770
325780
325800
325810
325820
325850
325860
325870
325890
325900
325910
325920
325930
325940
325960
325990
326000
326010
326020
326030
326040
326060
326070
326080
326100
326110
326120
326130
326140
326160
326170
326180
326190
326200
326220
326230
326240
326250
326260
326270
326300
326320
326360
326370
326380
326390
326400
326410
326420
326430
326460
326470
326490
326500
326510
326520
326540
326550
326560
326570
326600
326610
326620
326630
326640
326650
326660
326670
326680
326690
326720
326740
326750
326760
326770
326780
326790
326800
326810
326820
326830
326840
326850
326860
326870
326880
326890
326900
326910
326920
326930
326940
326950
326960
326970
326980
326990
327000
327010
327020
327030
327040
327060
327070
327080
327090
327100
327110
327120
327130
327140
327160
327170
327190
327200
327210
327230
327240
327250
327260
327270
327280
327290
327300
327310
327330
327340
327350
327360
327370
327380
327390
327400
327410
327430
327440
327460
327470
327480
327490
327510
327520
327530
327540
327560
327570
327580
327590
327600
327610
327630
327640
327650
327660
327670
327680
327700
327710
327720
327721
327730
327731
327741
327751
327761
327771
327791
327801
327811
327821
327831
327841
327851
327861
327871
327881
327891
327901
328101
328201
328301
328401
328501
328601
328701
328801
328901
328911
328921
328931
328941
328951
328961
328971
328981
328991
329001
329011
329021
329031
329041
329051
329061
329071
329291
329301
329311
329321
329331
329341
329351
329361
329371
329381
329391
329401
329411
329421
329441
329451
329461
329471
329481
329491
329501
329511
329531
329541
329551
329561
329571
329581
329591
329601
329611
329621
329651
329661
329671
329681
329691
329701
329711
329721
329731
329741
329751
329761
329771
329781
329791
329801
329811
329831
329841
329851
329861
329871
329881
329891
329901
329911
329921
329941
329951
329961
329971
329991
330002
330011
330021
330031
330041
330071
330081
330091
330101
330141
330161
330171
330181
330191
330201
330211
330231
330241
330251
330261
330281
330291
330301
330311
330321
330331
330341
330351
330361
330371
330381
330391
330401
330411
330421
330431
330441
330451
330461
330471
330481
330491
330501
330511
330521
330541
330551
330561
330571
330591
330601
330631
330641
330651
330661
330671
330681
330701
330711
330721
330751
330761
330781
330791
330801
330811
330821
330841
330851
330861
330871
330881
330891
330901
330911
330921
330931
330941
330951
330961
330971
330981
330991
331001
331011
331012
331041
331051
331061
331071
331081
331091
331101
331111
331131
331151
331161
331171
331181
331201
331211
331311
331321
331331
331341
331351
331361
331371
331381
331391
331401
331411
331422
331432
331442
331452
331462
331472
331482
331492
331512
331522
331532
331542
331552
331562
331572
331582
331592
331602
331622
331632
331642
331652
331662
331672
331682
331692
331702
331712
331722
331742
331752
331762
331772
331782
331792
331802
331812
331822
331832
331842
331852
331862
331872
331882
331892
331902
331912
331922
331932
331942
331952
331962
331972
331982
332002
332012
332022
332032
332052
332062
332072
332082
332092
332102
332112
332122
332132
332152
332162
332192
332212
332242
332252
332258
332272
332282
332292
332302
332312
332322
332332
332342
332352
332362
332372
332382
332392
332402
332412
332422
332432
332442
332452
332462
332482
332502
332512
332522
332532
332542
332552
332562
332572
332582
332592
332602
332612
332642
332652
332672
332682
332692
332702
332732
332742
332752
332762
332772
332782
332792
332802
332812
332822
332832
332842
332852
332862
332872
332882
332892
332922
332932
332952
332962
332982
332992
333003
333012
333013
333022
333023
333032
333033
333042
333052
333053
333063
333072
333073
333082
333083
333092
333102
333103
333105
333112
333113
333122
333143
333152
333165
333173
333175
333183
333185
333193
333202
333203
333205
333212
333213
333223
333232
333233
333242
333243
333252
333253
333262
333263
333272
333273
333282
333283
333293
333303
333312
333313
333322
333323
333333
333343
333352
333353
333362
333363
333372
333373
333382
333383
333392
333393
333402
333412
333413
333422
333423
333433
333442
333443
333452
333453
333462
333463
333472
333473
333483
333492
333493
333502
333503
333512
333513
333522
333523
333532
333533
333542
333543
333553
333563
333573
333583
333592
333593
333602
333603
333612
333613
333622
333623
333632
333633
333635
333643
333645
333652
333653
333655
333662
333663
333672
333673
333675
333682
333683
333692
333693
333702
333703
333705
333712
333713
333715
333722
333723
333732
333733
333735
333743
333745
333753
333755
333763
333765
333773
333783
333784
333785
333793
333795
333803
333805
333813
333815
333823
333833
333843
333853
333863
333873
333883
333903
333913
333943
333953
333963
333973
333983
333993
334003
334023
334033
334043
334053
334073
334075
334083
334085
334093
334103
334113
334123
334143
334153
334163
334173
334183
334193
334196
334213
334233
334243
334253
334283
334333
334343
334353
334363
334373
334393
334403
334413
334423
334443
334453
334463
334473
334483
334493
334503
334513
334523
335003
335005
335015
335023
335025
335033
335035
335043
335045
335053
335055
335063
335065
335073
335083
335093
335103
335113
335123
335133
335143
335153
335163
335173
335193
335203
335213
335233
335243
335253
335263
335273
335283
335293
335303
335313
335323
335353
335363
335373
335383
335403
335413
335433
335513
335563
335573
335583
335593
335614
335624
335634
335644
335664
335674
335704
335714
335724
335734
335764
335774
335784
335794
335804
335814
335824
335834
335844
335854
335874
335884
335894
335904
335914
335924
335934
335944
335954
335964
335974
335994
336004
336014
336024
336034
336044
336054
336064
336074
336084
336094
336104
336114
336124
336144
336154
336164
336174
336184
336194
336214
336224
336234
336244
336254
336264
336284
336294
336304
336314
336334
336344
336354
336364
336374
336384
336394
336404
336414
336424
336434
336444
336454
336464
336484
336494
336504
336514
336524
336534
336544
336554
336564
336574
336584
336594
336604
336614
336624
336634
336644
336654
336664
336674
336684
336694
336704
336724
336734
336744
336754
336774
336784
336794
336814
336824
336834
336844
336854
336864
336874
336894
336904
336914
336924
336934
336944
336954
336964
336974
336984
336994
337014
337024
337034
337054
337074
337084
337094
337104
337114
337134
337144
337154
337164
337174
337184
337204
337214
337224
337244
337254
337264
337274
337284
337294
337304
337314
337324
337334
337344
337354
337364
337384
337394
337404
337414
337424
337434
337444
337454
337464
337484
337504
337514
337524
337534
337544
337554
337564
337574
337584
337594
337604
337614
337654
337664
337674
337694
337734
337744
337754
337764
337774
337784
337794
337804
337814
337824
337834
337844
337854
337865
337875
337885
337895
337905
337915
337925
337935
337945
337955
337965
337985
337995
338015
338035
338045
338055
338065
338075
338085
338095
338105
338115
338125
338155
338165
338175
338185
338195
338215
338225
338235
338245
338255
338265
338275
338285
338295
338305
338325
338335
338355
338365
338375
338385
338395
338405
338415
338425
338445
338455
338465
338485
338605
338615
338625
338635
338645
338655
338665
338675
338685
338695
338705
338725
338735
338745
338755
338765
338775
338785
338795
338805
338815
338825
338835
338905
338935
338975
338985
338995
339005
339035
339045
339055
339085
339095
339205
339215
339225
339395
339405
340005
340025
340035
340115
340266
340895
340995
341005
341015
341025
341185
341195
341205
341215
341217
341225
341235
341245
341255
341265
341275
341285
341295
341305
341315
341325
341355
341405
341415
341505
341515
341555
341565
341575
341605
341615
341995
342006
342016
342026
342036
342046
342066
342076
342086
342096
342106
342136
342146
342156
342166
342176
342186
342196
342206
342216
342226
342236
342256
342266
342286
342296
342306
342316
342326
342356
342406
342416
342426
342436
342446
342456
342466
342476
342486
342496
342506
342516
342546
342576
342586
342606
342616
342626
342636
342656
342666
342676
342686
342696
342706
342716
342736
342746
342756
342766
342776
342786
342796
342806
342816
342826
342836
342856
342866
342876
342886
342896
342976
342986
342996
344016
344026
344036
344046
344056
344064
344076
344086
344096
344106
344116
344126
344136
344146
344156
344166
344176
344186
344206
344216
344226
344236
344246
344256
344276
344346
344356
344366
344376
344386
344396
345016
345026
345036
345046
345056
345066
345076
345146
345916
346036
346046
346056
346066
346076
346086
346096
346106
346136
346156
346166
346186
346196
346206
346216
346226
346236
346276
346286
346296
346306
346316
346326
346336
346346
346356
346386
346396
346406
346426
346436
346446
346456
346506
346556
346566
346576
346586
346596
346606
346626
346636
346646
346656
346666
346676
346686
346706
346726
346736
346756
346766
346776
346786
346796
346806
346836
346846
346866
346876
346886
346896
346906
346916
346926
346936
346946
346955
346956
346966
346976
346986
346996
347006
347016
347026
347036
347046
347056
347066
347076
347086
347096
347106
347126
347127
347136
347146
347156
347186
347196
347206
347317
347327
347337
347357
347367
347787
347797
347807
347817
347827
347837
347847
347857
347867
347877
347887
347897
347907
347927
347937
347957
349017
349027
349037
349057
349067
349077
349087
349097
349107
349117
349137
349147
349157
349167
349177
349187
349267
349277
349282
349287
349317
350114
360075
360109
388888
388898
390019
390026
390027
390038
390057
390058
390078
390098
390108
390109
390139
390148
390158
390178
390229
390239
390249
390259
390269
390279
390299
390309
390310
390329
390339
390349
390359
390810
390910
391010
391110
391810
391910
392810
393010
393110
393210
393310
399089
399785
399825
399855
399865
399985
399991
399995
400026
400046
400116
400246
400256
400367
400397
400448
400456
400468
400478
400489
400499
400500
400521
522518
667799
669995
686868
700001
700003
700004
700005
700007
700008
700009
700010
700011
700012
700013
700015
700016
700017
700018
700020
700021
700024
700025
700027
700028
700030
700031
700032
700033
700034
700035
700036
700037
700038
700039
700040
700041
700042
700043
700044
700045
700046
700047
700048
700049
700050
700051
700052
700053
700054
700055
700056
700057
700058
700059
700060
700061
700062
700063
700064
700065
700066
700067
700068
700069
700070
700071
700072
700073
700074
700075
700076
700077
700078
700079
700080
700081
700082
700083
700084
700085
700086
700087
700088
700089
700090
700091
700092
700093
700094
700095
700096
700097
700098
700099
700100
700101
700102
700103
700104
700105
700106
700107
700108
700109
700110
700111
700112
700113
700114
700115
700116
700117
700118
700119
700120
700121
700122
700123
700124
700125
700126
700127
700128
700129
700130
700131
700132
700133
700134
700135
700136
700137
700138
700139
700140
700141
700142
700143
700144
700145
700146
700147
700148
700149
700150
700151
700152
700153
700154
700155
700156
700157
700158
700159
700160
700161
700162
700163
700164
700165
700166
700167
700168
700169
700170
700171
700172
700173
700174
700175
700176
700177
700178
700179
700180
700181
700182
700183
700184
700185
700186
700187
700188
700189
700190
700191
700192
700193
700194
700195
700196
700197
700198
700199
700200
700201
700202
700203
700204
700205
700206
700207
700208
700209
700210
700211
700212
700213
700214
700215
700216
700217
700218
700219
700220
700221
700222
700223
700224
700225
700226
700227
700228
700229
700230
700231
700232
700233
700236
700237
700238
700239
700240
700241
700242
700243
700244
700245
700246
700247
700248
700249
700250
700251
700252
700253
700254
700255
700256
700257
700258
700259
700260
700261
700262
700263
700264
700265
700266
700267
700268
700269
700270
700271
700272
700273
700274
700275
700276
700277
700278
700279
700280
700281
700282
700283
700284
700285
700286
700287
700288
700289
700290
700291
700292
700293
700294
700295
700296
700297
700298
700299
700300
700301
700302
700304
700305
700306
700307
700308
700311
700312
700314
700315
700316
700317
700318
700319
700320
700321
700322
700323
700324
700325
700326
700327
700328
700329
700330
700331
700332
700333
700334
700335
700336
700337
700338
700339
700340
700341
700342
700343
700344
700345
700346
700347
700348
700349
700350
700351
700352
700353
700354
700355
700356
700357
700358
700359
700360
700361
700362
700363
700364
700365
700366
700367
700368
700369
700370
700371
700372
700373
700374
700375
700376
700377
700378
700379
700380
700381
700384
700385
700386
700387
700388
700389
700390
700391
700392
700393
700395
700396
700397
700398
700399
700400
700401
700402
700403
700404
700405
700406
700407
700408
700409
700410
700411
700412
700413
700414
700415
700416
700417
700418
700419
700420
700421
700422
700423
700424
700425
700426
700427
700428
700429
700430
700431
700432
700433
700434
700435
700436
700437
700438
700439
700440
700441
700442
700443
700444
700445
700446
700447
700448
700449
700450
700451
700453
700454
700455
700456
700457
700458
700459
700460
700461
700462
700463
700464
700465
700466
700467
700469
700470
700471
700472
700474
700475
700476
700477
700478
700479
700480
700481
700482
700483
700484
700485
700486
700487
700488
700489
700490
700492
700493
700494
700495
700496
700497
700498
700499
700500
700501
700502
700503
700504
700505
700506
700507
700508
700509
700510
700511
700512
700513
700514
700515
700516
700517
700518
700519
700520
700521
700522
700523
700524
700525
700526
700527
700528
700529
700530
700531
700532
700533
700534
700535
700536
700537
700538
700539
700540
700542
700543
700544
700545
700546
700547
700548
700549
700550
700551
700552
700553
700554
700555
700556
700557
700558
700559
700560
700561
700562
700563
700564
700565
700566
700567
700568
700569
700570
700571
700572
700573
700574
700575
700576
700577
700578
700579
700580
700581
700582
700583
700584
700585
700586
700587
700588
700589
700590
700591
700592
700593
700594
700595
700596
700597
700598
700599
700600
700601
700602
700603
700604
700605
700606
700607
700608
700609
700610
700611
700612
700613
700614
700615
700616
700617
700618
700619
700620
700623
700624
700625
700626
700627
700628
700629
700630
700631
700632
700633
700634
700635
700636
700637
700638
700639
700640
700641
700642
700643
700644
700645
700646
700647
700648
700649
700650
700651
700652
700654
700655
700656
700657
700658
700659
700660
700661
700662
700663
700664
700665
700666
700667
700669
700670
700671
700672
700673
700674
700675
700676
700677
700678
700679
700680
700681
700682
700683
700684
700685
700687
700688
700689
700690
700691
700692
700693
700694
700695
700696
700697
700698
700699
700700
700701
700702
700703
700704
700705
700707
700708
700709
700710
700712
700713
700714
700715
700716
700717
700718
700719
700720
700721
700722
700723
700724
700725
700726
700727
700728
700729
700730
700731
700732
700733
700734
700735
700736
700737
700738
700739
700740
700741
700742
700743
700744
700745
700746
700747
700748
700749
700750
700751
700752
700753
700754
700755
700756
700757
700758
700759
700761
700762
700763
700764
700765
700766
700767
700768
700769
700770
700771
700772
700773
700774
700775
700776
700777
700778
700779
700780
700781
700782
700783
700784
700785
700786
700787
700788
700789
700790
700791
700792
700793
700794
700795
700796
700797
700798
700799
700800
700801
700802
700803
700804
700805
700806
700807
700808
700809
700810
700811
700812
700813
700814
700815
700816
700817
700818
700819
700820
700821
700822
700823
700824
700825
700826
700827
700828
700829
700830
700831
700832
700833
700834
700835
700836
700838
700839
700840
700841
700842
700843
700844
700845
700846
700847
700848
700849
700850
700851
700852
700853
700854
700855
700856
700857
700858
700859
700860
700861
700862
700863
700864
700865
700866
700867
700868
700869
700870
700871
700872
700873
700874
700875
700876
700877
700878
700879
700880
700881
700882
700883
700884
700885
700886
700887
700888
700889
700890
700891
700892
700893
700894
700895
700896
700897
700898
700899
700900
700901
700902
700903
700904
700905
700906
700907
700908
700909
700910
700911
700912
700913
700914
700915
700916
700917
700918
700919
700920
700921
700922
700923
700924
700925
700926
700927
700928
700929
700930
700931
700932
700933
700934
700935
700936
700937
700938
700939
700940
700941
700942
700943
700944
700945
700946
700947
700948
700949
700950
700951
700952
700953
700954
700955
700956
700957
700959
700960
700961
700962
700963
700964
700965
700966
700967
700968
700969
700970
700971
700972
700973
700974
700975
700976
700977
700978
700979
700980
700981
700982
700983
700984
700985
700986
700987
700988
700989
700990
700991
700992
700993
700994
700995
700996
700997
700998
700999
701000
701001
701002
701003
701004
701005
701006
701007
701008
701009
701010
701012
701013
701014
701015
701016
701017
701018
701019
701020
701021
701022
701023
701024
701025
701026
701027
701028
701029
701030
701031
701032
701033
701034
701035
701036
701037
701038
701039
701040
701041
701042
701043
701044
701045
701046
701047
701048
701049
701050
701051
701052
701053
701054
701055
701056
701057
701058
701059
701060
701061
701062
701063
701064
701066
701068
701069
701070
701071
701072
701073
701074
701075
701076
701077
701079
701080
701081
701083
701084
701085
701086
701087
701088
701089
701090
701091
701092
701093
701094
701095
701096
701097
701098
701099
701100
701101
701102
701103
701104
701105
701106
701107
701108
701109
701110
701111
701112
701113
701114
701115
701116
701117
701118
701119
701120
701121
799996
799998
799999
850003
850991
881100
888810
908071
909090
909990
910019
910459
911001
911003
911004
921000
921002
922200
931001
931002
931003
940003
940008
950001
950010
950011
988196
988197
988207
988217
991144
991402
991444
991454
991464
991484
991505
991515
991525
991535
991545
991555
997187
997197
997207
997217
998196
998206
999141
999146
999148
999158
999168
999169
999179
999180
999182
999183
999184
999185
999186
999187
999196
